1.04318368434906
1.2927018404006958
1.5654906034469604
1.8866784572601318
2.226165294647217
2.645193576812744
3.2502965927124023
3.7520415782928467
4.368334770202637
5.0844292640686035
5.803310394287109
6.549104690551758
7.303158760070801
7.9686479568481445
8.592229843139648
9.412620544433594
9.728363037109375
10.179424285888672
10.815352439880371
10.87879467010498
11.290250778198242
11.516632080078125
11.999459266662598
11.512151718139648
12.149415016174316
12.556896209716797
12.459343910217285
12.770675659179688
12.763203620910645
12.59858512878418
13.058290481567383
12.871647834777832
13.162443161010742
12.929970741271973
12.773177146911621
13.08968734741211
12.9369535446167
12.698028564453125
13.149877548217773
12.850300788879395
13.215003967285156
13.459193229675293
13.283990859985352
14.222042083740234
14.37043571472168
13.638018608093262
13.39388370513916
13.147397994995117
13.359002113342285
13.2234468460083
12.910918235778809
13.17227840423584
13.467650413513184
13.14323616027832
13.603338241577148
13.729510307312012
13.335465431213379
13.561515808105469
13.986506462097168
14.179408073425293
14.064221382141113
13.84719467163086
14.14670181274414
14.311999320983887
14.300613403320312
14.53042984008789
14.68921947479248
14.307117462158203
14.043219566345215
14.122629165649414
13.6642484664917
14.091014862060547
13.06948184967041
13.393098831176758
13.48630142211914
13.283292770385742
13.50633430480957
13.857857704162598
13.513504981994629
13.784932136535645
13.35860538482666
13.05451774597168
13.448262214660645
13.120556831359863
13.238869667053223
13.173748016357422
12.895218849182129
13.24984073638916
13.002912521362305
13.122480392456055
13.109597206115723
12.894268035888672
13.114184379577637
12.20224666595459
12.948318481445312
13.293306350708008
13.079716682434082
13.254176139831543
13.124149322509766
12.870041847229004
13.14616870880127
13.025341987609863
13.120198249816895
13.095757484436035
12.83167552947998
13.199467658996582
12.697385787963867
13.255891799926758
13.15054702758789
12.917041778564453
13.284391403198242
13.495651245117188
13.168304443359375
12.970209121704102
12.77962589263916
13.197994232177734
13.388672828674316
13.11221694946289
12.939600944519043
13.290902137756348
13.052533149719238
13.289896011352539
13.118311882019043
13.340238571166992
13.151362419128418
12.897591590881348
13.11495590209961
12.084067344665527
13.016008377075195
13.163477897644043
13.043950080871582
12.859563827514648
13.263627052307129
13.01412582397461
13.32498836517334
13.001496315002441
13.399138450622559
13.577567100524902
13.299099922180176
13.018118858337402
13.388279914855957
13.122293472290039
13.192686080932617
12.943059921264648
12.916325569152832
13.211840629577637
12.82336139678955
12.887981414794922
12.179021835327148
13.10934066772461
12.983809471130371
12.731378555297852
12.88998031616211
12.872793197631836
12.788567543029785
13.118392944335938
12.935737609863281
13.171353340148926
13.052395820617676
12.760355949401855
13.186768531799316
12.780858039855957
13.306766510009766
13.409932136535645
13.291738510131836
13.064059257507324
13.381847381591797
13.0836763381958
13.355242729187012
11.967090606689453
13.11196517944336
13.564966201782227
13.166259765625
13.449058532714844
13.686843872070312
13.369245529174805
13.425349235534668
13.019377708435059
13.168089866638184
13.4085111618042
13.147868156433105
12.864178657531738
13.282812118530273
13.006420135498047
13.110132217407227
13.049046516418457
13.429647445678711
13.112987518310547
12.919177055358887
13.313823699951172
13.520401000976562
13.225360870361328
12.968265533447266
13.272101402282715
13.061712265014648
13.365199089050293
13.108851432800293
13.246271133422852
13.150347709655762
12.907957077026367
13.349039077758789
12.90045166015625
13.339155197143555
13.578853607177734
13.289155006408691
13.011286735534668
13.415531158447266
13.081582069396973
13.259048461914062
13.214212417602539
13.404470443725586
13.192926406860352
12.926668167114258
13.292943954467773
13.377070426940918
12.734771728515625
13.074995040893555
12.885924339294434
12.991945266723633
12.977084159851074
12.844127655029297
13.210336685180664
13.106770515441895
13.276016235351562
13.286849975585938
12.73293399810791
13.148750305175781
13.420975685119629
13.087509155273438
12.940345764160156
13.298765182495117
12.978287696838379
13.32249641418457
13.063335418701172
13.158408164978027
13.122688293457031
12.919326782226562
13.20820140838623
13.011375427246094
13.349452018737793
13.392661094665527
13.242756843566895
13.105338096618652
13.443648338317871
13.0737886428833
13.272765159606934
13.187505722045898
13.403115272521973
13.19097900390625
12.928208351135254
13.253040313720703
13.005085945129395
12.809139251708984
13.214054107666016
12.958130836486816
13.18441390991211
13.041475296020508
12.823041915893555
13.103472709655762
12.913250923156738
13.171470642089844
13.056294441223145
12.81523323059082
13.245923042297363
13.443689346313477
13.15091323852539
12.948742866516113
13.344490051269531
13.066632270812988
13.427973747253418
13.060818672180176
12.872564315795898
13.24901294708252
12.982361793518066
13.247506141662598
13.065845489501953
13.34582233428955
13.429100036621094
13.287074089050293
13.062141418457031
13.344108581542969
13.157500267028809
13.295108795166016
13.0325927734375
12.947881698608398
13.30517578125
13.03912353515625
12.772854804992676
11.913285255432129
13.196349143981934
12.989131927490234
12.74368953704834
13.171539306640625
13.364307403564453
13.07896900177002
12.955598831176758
13.014042854309082
13.080748558044434
13.364192962646484
13.110323905944824
13.206339836120605
13.129419326782227
12.96835708618164
13.157156944274902
13.014213562011719
13.42273235321045
13.546828269958496
13.219831466674805
13.048999786376953
13.458457946777344
13.157571792602539
13.35411262512207
13.16578197479248
13.28736400604248
13.15239143371582
12.931305885314941
13.080577850341797
11.86752986907959
13.066598892211914
13.37584114074707
13.133506774902344
13.278608322143555
13.210338592529297
12.893714904785156
12.759754180908203
12.832315444946289
avg fps: 12.69659275913531